0.000000e+00 0.000000e+00 0.000000e+00 0.000000e+00 0.000000e+00 0.000000e+00 
1.000000e-12 1.000000e+04 1.000000e-12 1.000000e+04 1.000000e-12 1.000000e+04 
2.000000e-12 1.000000e+04 2.000000e-12 1.000000e+04 2.000000e-12 1.000000e+04 
4.000000e-12 1.000000e+04 4.000000e-12 1.000000e+04 4.000000e-12 1.000000e+04 
8.000000e-12 1.000000e+04 8.000000e-12 1.000000e+04 8.000000e-12 1.000000e+04 
1.600000e-11 1.000000e+04 1.600000e-11 1.000000e+04 1.600000e-11 1.000000e+04 
3.200000e-11 1.000000e+04 3.200000e-11 1.000000e+04 3.200000e-11 1.000000e+04 
6.400000e-11 1.000000e+04 6.400000e-11 1.000000e+04 6.400000e-11 1.000000e+04 
1.000000e-10 1.000000e+04 1.000000e-10 1.000000e+04 1.000000e-10 1.000000e+04 
1.064000e-10 1.000000e+04 1.064000e-10 1.000000e+04 1.064000e-10 1.000000e+04 
1.192000e-10 1.000000e+04 1.192000e-10 1.000000e+04 1.192000e-10 1.000000e+04 
1.448000e-10 1.000000e+04 1.448000e-10 1.000000e+04 1.448000e-10 1.000000e+04 
1.960000e-10 1.000000e+04 1.960000e-10 1.000000e+04 1.960000e-10 1.000000e+04 
2.960000e-10 1.000000e+04 2.960000e-10 1.000000e+04 2.960000e-10 1.000000e+04 
3.960000e-10 1.000000e+04 3.960000e-10 1.000000e+04 3.960000e-10 1.000000e+04 
4.960000e-10 1.000000e+04 4.960000e-10 1.000000e+04 4.960000e-10 1.000000e+04 
5.960000e-10 1.000000e+04 5.960000e-10 1.000000e+04 5.960000e-10 1.000000e+04 
6.960000e-10 1.000000e+04 6.960000e-10 1.000000e+04 6.960000e-10 1.000000e+04 
7.960000e-10 1.000000e+04 7.960000e-10 1.000000e+04 7.960000e-10 1.000000e+04 
8.960000e-10 1.000000e+04 8.960000e-10 1.000000e+04 8.960000e-10 1.000000e+04 
9.960000e-10 1.000000e+04 9.960000e-10 1.000000e+04 9.960000e-10 1.000000e+04 
1.000000e-09 1.000000e+04 1.000000e-09 1.000000e+04 1.000000e-09 1.000000e+04 
1.008000e-09 9.958545e+03 1.008000e-09 9.982545e+03 1.008000e-09 9.950545e+03 
1.024000e-09 9.875926e+03 1.024000e-09 9.947926e+03 1.024000e-09 9.851926e+03 
1.056000e-09 9.712432e+03 1.056000e-09 9.880432e+03 1.056000e-09 9.656432e+03 
1.120000e-09 9.392478e+03 1.120000e-09 9.752478e+03 1.120000e-09 9.272478e+03 
1.220000e-09 8.911424e+03 1.220000e-09 9.571424e+03 1.220000e-09 8.691424e+03 
1.320000e-09 8.453463e+03 1.320000e-09 9.413463e+03 1.320000e-09 8.133463e+03 
1.420000e-09 8.018720e+03 1.420000e-09 9.278720e+03 1.420000e-09 7.598720e+03 
1.520000e-09 7.607306e+03 1.520000e-09 9.167306e+03 1.520000e-09 7.087306e+03 
1.620000e-09 7.219313e+03 1.620000e-09 9.079313e+03 1.620000e-09 6.599313e+03 
1.720000e-09 6.854809e+03 1.720000e-09 9.014809e+03 1.720000e-09 6.134809e+03 
1.820000e-09 6.513836e+03 1.820000e-09 8.973836e+03 1.820000e-09 5.693836e+03 
1.920000e-09 6.196400e+03 1.920000e-09 8.956400e+03 1.920000e-09 5.276400e+03 
2.020000e-09 5.902491e+03 2.020000e-09 8.953565e+03 2.020000e-09 4.882491e+03 
2.120000e-09 5.632093e+03 2.120000e-09 8.953565e+03 2.120000e-09 4.512093e+03 
2.220000e-09 5.385133e+03 2.220000e-09 8.953565e+03 2.220000e-09 4.165133e+03 
2.320000e-09 5.161435e+03 2.320000e-09 8.953565e+03 2.320000e-09 3.841435e+03 
2.420000e-09 4.960715e+03 2.420000e-09 8.953565e+03 2.420000e-09 3.540715e+03 
2.520000e-09 4.782576e+03 2.520000e-09 8.953565e+03 2.520000e-09 3.262576e+03 
2.620000e-09 4.626515e+03 2.620000e-09 8.953565e+03 2.620000e-09 3.006515e+03 
2.720000e-09 4.491924e+03 2.720000e-09 8.953565e+03 2.720000e-09 2.771924e+03 
2.820000e-09 4.378093e+03 2.820000e-09 8.953565e+03 2.820000e-09 2.558093e+03 
2.920000e-09 4.284218e+03 2.920000e-09 8.953565e+03 2.920000e-09 2.364218e+03 
3.020000e-09 4.209403e+03 3.020000e-09 8.953565e+03 3.020000e-09 2.189403e+03 
3.120000e-09 4.152668e+03 3.120000e-09 8.953565e+03 3.120000e-09 2.032668e+03 
3.220000e-09 4.112956e+03 3.220000e-09 8.953565e+03 3.220000e-09 1.892956e+03 
3.320000e-09 4.089147e+03 3.320000e-09 8.953565e+03 3.320000e-09 1.769147e+03 
3.420000e-09 4.080067e+03 3.420000e-09 8.953565e+03 3.420000e-09 1.660067e+03 
3.520000e-09 4.079060e+03 3.520000e-09 8.953565e+03 3.520000e-09 1.564549e+03 
3.620000e-09 4.079060e+03 3.620000e-09 8.953565e+03 3.620000e-09 1.481479e+03 
3.720000e-09 4.079060e+03 3.720000e-09 8.953565e+03 3.720000e-09 1.409744e+03 
3.820000e-09 4.079060e+03 3.820000e-09 8.953565e+03 3.820000e-09 1.348212e+03 
3.920000e-09 4.079060e+03 3.920000e-09 8.953565e+03 3.920000e-09 1.295753e+03 
4.020000e-09 4.079060e+03 4.020000e-09 8.953565e+03 4.020000e-09 1.271652e+03 
4.120000e-09 4.079060e+03 4.120000e-09 8.953565e+03 4.120000e-09 1.271652e+03 
4.220000e-09 4.079060e+03 4.220000e-09 8.953565e+03 4.220000e-09 1.271652e+03 
4.320000e-09 4.079060e+03 4.320000e-09 8.953565e+03 4.320000e-09 1.271652e+03 
4.420000e-09 4.079060e+03 4.420000e-09 8.953565e+03 4.420000e-09 1.271652e+03 
4.520000e-09 4.079060e+03 4.520000e-09 8.953565e+03 4.520000e-09 1.271652e+03 
4.620000e-09 4.079060e+03 4.620000e-09 8.953565e+03 4.620000e-09 1.271652e+03 
4.720000e-09 4.079060e+03 4.720000e-09 8.953565e+03 4.720000e-09 1.271652e+03 
4.820000e-09 4.079060e+03 4.820000e-09 8.953565e+03 4.820000e-09 1.271652e+03 
4.920000e-09 4.079060e+03 4.920000e-09 8.953565e+03 4.920000e-09 1.271652e+03 
5.020000e-09 4.079060e+03 5.020000e-09 8.953565e+03 5.020000e-09 1.237760e+03 
5.120000e-09 4.079060e+03 5.120000e-09 8.953565e+03 5.120000e-09 1.175837e+03 
5.220000e-09 4.079060e+03 5.220000e-09 8.953565e+03 5.220000e-09 1.124795e+03 
5.320000e-09 4.079060e+03 5.320000e-09 8.953565e+03 5.320000e-09 1.083012e+03 
5.420000e-09 4.079060e+03 5.420000e-09 8.953565e+03 5.420000e-09 1.049013e+03 
5.520000e-09 4.079060e+03 5.520000e-09 8.953565e+03 5.520000e-09 1.021488e+03 
5.532500e-09 4.079060e+03 5.532500e-09 8.953565e+03 5.532500e-09 1.018493e+03 
5.557500e-09 4.079060e+03 5.557500e-09 8.953565e+03 5.557500e-09 1.012662e+03 
5.607500e-09 4.079060e+03 5.607500e-09 8.953565e+03 5.607500e-09 1.001901e+03 
5.609063e-09 4.079060e+03 5.609063e-09 8.953565e+03 5.609063e-09 1.001584e+03 
5.612188e-09 4.079060e+03 5.612188e-09 8.953565e+03 5.612188e-09 1.000953e+03 
5.612969e-09 4.079060e+03 5.612969e-09 8.953565e+03 5.612969e-09 1.000795e+03 
5.614531e-09 4.079060e+03 5.614531e-09 8.953565e+03 5.614531e-09 1.000482e+03 
5.614922e-09 4.079060e+03 5.614922e-09 8.953565e+03 5.614922e-09 1.000403e+03 
5.615703e-09 4.079060e+03 5.615703e-09 8.953565e+03 5.615703e-09 1.000247e+03 
5.615898e-09 4.079060e+03 5.615898e-09 8.953565e+03 5.615898e-09 1.000208e+03 
5.616289e-09 4.079060e+03 5.616289e-09 8.953565e+03 5.616289e-09 1.000130e+03 
5.616387e-09 4.079060e+03 5.616387e-09 8.953565e+03 5.616387e-09 1.000111e+03 
5.616582e-09 4.079060e+03 5.616582e-09 8.953565e+03 5.616582e-09 1.000072e+03 
5.616631e-09 4.079060e+03 5.616631e-09 8.953565e+03 5.616631e-09 1.000062e+03 
5.616729e-09 4.079060e+03 5.616729e-09 8.953565e+03 5.616729e-09 1.000042e+03 
5.616924e-09 4.079060e+03 5.616924e-09 8.953565e+03 5.616924e-09 1.000003e+03 
5.617314e-09 4.079060e+03 5.617314e-09 8.953565e+03 5.617314e-09 9.999645e+02 
5.618096e-09 4.079060e+03 5.618096e-09 8.953565e+03 5.618096e-09 9.999645e+02 
5.619658e-09 4.079060e+03 5.619658e-09 8.953565e+03 5.619658e-09 9.999645e+02 
5.622783e-09 4.079060e+03 5.622783e-09 8.953565e+03 5.622783e-09 9.999645e+02 
5.629033e-09 4.079060e+03 5.629033e-09 8.953565e+03 5.629033e-09 9.999645e+02 
5.641533e-09 4.079060e+03 5.641533e-09 8.953565e+03 5.641533e-09 9.999645e+02 
5.666533e-09 4.079060e+03 5.666533e-09 8.953565e+03 5.666533e-09 9.999645e+02 
5.716533e-09 4.079060e+03 5.716533e-09 8.953565e+03 5.716533e-09 9.999645e+02 
5.816533e-09 4.079060e+03 5.816533e-09 8.953565e+03 5.816533e-09 9.999645e+02 
5.916533e-09 4.079060e+03 5.916533e-09 8.953565e+03 5.916533e-09 9.999645e+02 
6.016533e-09 4.079060e+03 6.016533e-09 8.953565e+03 6.016533e-09 9.999645e+02 
6.116533e-09 4.079060e+03 6.116533e-09 8.953565e+03 6.116533e-09 9.999645e+02 
6.216533e-09 4.079060e+03 6.216533e-09 8.953565e+03 6.216533e-09 9.999645e+02 
6.316533e-09 4.079060e+03 6.316533e-09 8.953565e+03 6.316533e-09 9.999645e+02 
6.416533e-09 4.079060e+03 6.416533e-09 8.953565e+03 6.416533e-09 9.999645e+02 
6.516533e-09 4.079060e+03 6.516533e-09 8.953565e+03 6.516533e-09 9.999645e+02 
6.616533e-09 4.079060e+03 6.616533e-09 8.953565e+03 6.616533e-09 9.999645e+02 
6.716533e-09 4.079060e+03 6.716533e-09 8.953565e+03 6.716533e-09 9.999645e+02 
6.816533e-09 4.079060e+03 6.816533e-09 8.953565e+03 6.816533e-09 9.999645e+02 
6.916533e-09 4.079060e+03 6.916533e-09 8.953565e+03 6.916533e-09 9.999645e+02 
7.016533e-09 4.079060e+03 7.016533e-09 8.953565e+03 7.016533e-09 9.999645e+02 
7.116533e-09 4.079060e+03 7.116533e-09 8.953565e+03 7.116533e-09 9.999645e+02 
7.216533e-09 4.079060e+03 7.216533e-09 8.953565e+03 7.216533e-09 9.999645e+02 
7.316533e-09 4.079060e+03 7.316533e-09 8.953565e+03 7.316533e-09 9.999645e+02 
7.416533e-09 4.079060e+03 7.416533e-09 8.953565e+03 7.416533e-09 9.999645e+02 
7.516533e-09 4.079060e+03 7.516533e-09 8.953565e+03 7.516533e-09 9.999645e+02 
7.616533e-09 4.079060e+03 7.616533e-09 8.953565e+03 7.616533e-09 9.999645e+02 
7.716533e-09 4.079060e+03 7.716533e-09 8.953565e+03 7.716533e-09 9.999645e+02 
7.816533e-09 4.079060e+03 7.816533e-09 8.953565e+03 7.816533e-09 9.999645e+02 
7.916533e-09 4.079060e+03 7.916533e-09 8.953565e+03 7.916533e-09 9.999645e+02 
8.016533e-09 4.079060e+03 8.016533e-09 8.953565e+03 8.016533e-09 9.999645e+02 
8.116533e-09 4.079060e+03 8.116533e-09 8.953565e+03 8.116533e-09 9.999645e+02 
8.216533e-09 4.079060e+03 8.216533e-09 8.953565e+03 8.216533e-09 9.999645e+02 
8.316533e-09 4.079060e+03 8.316533e-09 8.953565e+03 8.316533e-09 9.999645e+02 
8.416533e-09 4.079060e+03 8.416533e-09 8.953565e+03 8.416533e-09 9.999645e+02 
8.516533e-09 4.079060e+03 8.516533e-09 8.953565e+03 8.516533e-09 9.999645e+02 
8.616533e-09 4.079060e+03 8.616533e-09 8.953565e+03 8.616533e-09 9.999645e+02 
8.716533e-09 4.079060e+03 8.716533e-09 8.953565e+03 8.716533e-09 9.999645e+02 
8.816533e-09 4.079060e+03 8.816533e-09 8.953565e+03 8.816533e-09 9.999645e+02 
8.916533e-09 4.079060e+03 8.916533e-09 8.953565e+03 8.916533e-09 9.999645e+02 
9.016533e-09 4.079060e+03 9.016533e-09 8.953565e+03 9.016533e-09 9.999645e+02 
9.116533e-09 4.079060e+03 9.116533e-09 8.953565e+03 9.116533e-09 9.999645e+02 
9.216533e-09 4.079060e+03 9.216533e-09 8.953565e+03 9.216533e-09 9.999645e+02 
9.316533e-09 4.079060e+03 9.316533e-09 8.953565e+03 9.316533e-09 9.999645e+02 
9.416533e-09 4.079060e+03 9.416533e-09 8.953565e+03 9.416533e-09 9.999645e+02 
9.516533e-09 4.079060e+03 9.516533e-09 8.953565e+03 9.516533e-09 9.999645e+02 
9.616533e-09 4.079060e+03 9.616533e-09 8.953565e+03 9.616533e-09 9.999645e+02 
9.716533e-09 4.079060e+03 9.716533e-09 8.953565e+03 9.716533e-09 9.999645e+02 
9.816533e-09 4.079060e+03 9.816533e-09 8.953565e+03 9.816533e-09 9.999645e+02 
9.916533e-09 4.079060e+03 9.916533e-09 8.953565e+03 9.916533e-09 9.999645e+02 
1.000000e-08 4.079060e+03 1.000000e-08 8.953565e+03 1.000000e-08 9.999645e+02 
