0.000000e+00 0.000000e+00 0.000000e+00 0.000000e+00 0.000000e+00 0.000000e+00 
1.000000e-12 1.000000e+04 1.000000e-12 1.000000e+04 1.000000e-12 1.000000e+04 
2.000000e-12 1.000000e+04 2.000000e-12 1.000000e+04 2.000000e-12 1.000000e+04 
4.000000e-12 1.000000e+04 4.000000e-12 1.000000e+04 4.000000e-12 1.000000e+04 
8.000000e-12 1.000000e+04 8.000000e-12 1.000000e+04 8.000000e-12 1.000000e+04 
1.600000e-11 1.000000e+04 1.600000e-11 1.000000e+04 1.600000e-11 1.000000e+04 
3.200000e-11 1.000000e+04 3.200000e-11 1.000000e+04 3.200000e-11 1.000000e+04 
6.400000e-11 1.000000e+04 6.400000e-11 1.000000e+04 6.400000e-11 1.000000e+04 
1.000000e-10 1.000000e+04 1.000000e-10 1.000000e+04 1.000000e-10 1.000000e+04 
1.064000e-10 1.000000e+04 1.064000e-10 1.000000e+04 1.064000e-10 1.000000e+04 
1.192000e-10 1.000000e+04 1.192000e-10 1.000000e+04 1.192000e-10 1.000000e+04 
1.448000e-10 1.000000e+04 1.448000e-10 1.000000e+04 1.448000e-10 1.000000e+04 
1.960000e-10 1.000000e+04 1.960000e-10 1.000000e+04 1.960000e-10 1.000000e+04 
2.960000e-10 1.000000e+04 2.960000e-10 1.000000e+04 2.960000e-10 1.000000e+04 
3.960000e-10 1.000000e+04 3.960000e-10 1.000000e+04 3.960000e-10 1.000000e+04 
4.960000e-10 1.000000e+04 4.960000e-10 1.000000e+04 4.960000e-10 1.000000e+04 
5.960000e-10 1.000000e+04 5.960000e-10 1.000000e+04 5.960000e-10 1.000000e+04 
6.960000e-10 1.000000e+04 6.960000e-10 1.000000e+04 6.960000e-10 1.000000e+04 
7.960000e-10 1.000000e+04 7.960000e-10 1.000000e+04 7.960000e-10 1.000000e+04 
8.960000e-10 1.000000e+04 8.960000e-10 1.000000e+04 8.960000e-10 1.000000e+04 
9.960000e-10 1.000000e+04 9.960000e-10 1.000000e+04 9.960000e-10 1.000000e+04 
1.000000e-09 1.000000e+04 1.000000e-09 1.000000e+04 1.000000e-09 1.000000e+04 
1.008000e-09 9.960146e+03 1.008000e-09 9.976146e+03 1.008000e-09 9.952146e+03 
1.024000e-09 9.880732e+03 1.024000e-09 9.928732e+03 1.024000e-09 9.856732e+03 
1.056000e-09 9.723659e+03 1.056000e-09 9.835659e+03 1.056000e-09 9.667659e+03 
1.120000e-09 9.416498e+03 1.120000e-09 9.656498e+03 1.120000e-09 9.296498e+03 
1.220000e-09 8.955389e+03 1.220000e-09 9.395389e+03 1.220000e-09 8.735389e+03 
1.320000e-09 8.517269e+03 1.320000e-09 9.157269e+03 1.320000e-09 8.197269e+03 
1.420000e-09 8.101943e+03 1.420000e-09 8.941943e+03 1.420000e-09 7.681943e+03 
1.520000e-09 7.709300e+03 1.520000e-09 8.749300e+03 1.520000e-09 7.189300e+03 
1.620000e-09 7.339205e+03 1.620000e-09 8.579205e+03 1.620000e-09 6.719205e+03 
1.720000e-09 6.991500e+03 1.720000e-09 8.431500e+03 1.720000e-09 6.271500e+03 
1.820000e-09 6.666002e+03 1.820000e-09 8.306002e+03 1.820000e-09 5.846002e+03 
1.920000e-09 6.362509e+03 1.920000e-09 8.202509e+03 1.920000e-09 5.442509e+03 
2.020000e-09 6.080795e+03 2.020000e-09 8.120795e+03 2.020000e-09 5.060795e+03 
2.120000e-09 5.820610e+03 2.120000e-09 8.060610e+03 2.120000e-09 4.700610e+03 
2.220000e-09 5.581681e+03 2.220000e-09 8.021681e+03 2.220000e-09 4.361681e+03 
2.320000e-09 5.363708e+03 2.320000e-09 8.003708e+03 2.320000e-09 4.043708e+03 
2.420000e-09 5.166379e+03 2.420000e-09 7.999921e+03 2.420000e-09 3.746379e+03 
2.520000e-09 4.989383e+03 2.520000e-09 7.999921e+03 2.520000e-09 3.469383e+03 
2.620000e-09 4.832383e+03 2.620000e-09 7.999921e+03 2.620000e-09 3.212383e+03 
2.720000e-09 4.694964e+03 2.720000e-09 7.999921e+03 2.720000e-09 2.974964e+03 
2.820000e-09 4.576628e+03 2.820000e-09 7.999921e+03 2.820000e-09 2.756628e+03 
2.920000e-09 4.476792e+03 2.920000e-09 7.999921e+03 2.920000e-09 2.556792e+03 
3.020000e-09 4.394791e+03 3.020000e-09 7.999921e+03 3.020000e-09 2.374791e+03 
3.120000e-09 4.329880e+03 3.120000e-09 7.999921e+03 3.120000e-09 2.209880e+03 
3.132500e-09 4.323062e+03 3.132500e-09 7.999921e+03 3.132500e-09 2.190562e+03 
3.157500e-09 4.309927e+03 3.157500e-09 7.999921e+03 3.157500e-09 2.152427e+03 
3.207500e-09 4.286627e+03 3.207500e-09 7.999921e+03 3.207500e-09 2.079127e+03 
3.307500e-09 4.251484e+03 3.307500e-09 7.999921e+03 3.307500e-09 1.943984e+03 
3.320000e-09 4.248257e+03 3.320000e-09 7.999921e+03 3.320000e-09 1.928257e+03 
3.345000e-09 4.242249e+03 3.345000e-09 7.999921e+03 3.345000e-09 1.897249e+03 
3.395000e-09 4.232871e+03 3.395000e-09 7.999921e+03 3.395000e-09 1.837871e+03 
3.495000e-09 4.224203e+03 3.495000e-09 7.999921e+03 3.495000e-09 1.729203e+03 
3.595000e-09 4.223168e+03 3.595000e-09 7.999921e+03 3.595000e-09 1.633248e+03 
3.695000e-09 4.223168e+03 3.695000e-09 7.999921e+03 3.695000e-09 1.549057e+03 
3.707500e-09 4.223168e+03 3.707500e-09 7.999921e+03 3.707500e-09 1.539405e+03 
3.732500e-09 4.223168e+03 3.732500e-09 7.999921e+03 3.732500e-09 1.520432e+03 
3.782500e-09 4.223168e+03 3.782500e-09 7.999921e+03 3.782500e-09 1.484420e+03 
3.882500e-09 4.223168e+03 3.882500e-09 7.999921e+03 3.882500e-09 1.419670e+03 
3.982500e-09 4.223168e+03 3.982500e-09 7.999921e+03 3.982500e-09 1.363874e+03 
4.082500e-09 4.223168e+03 4.082500e-09 7.999921e+03 4.082500e-09 1.338090e+03 
4.182500e-09 4.223168e+03 4.182500e-09 7.999921e+03 4.182500e-09 1.338090e+03 
4.282500e-09 4.223168e+03 4.282500e-09 7.999921e+03 4.282500e-09 1.338090e+03 
4.382500e-09 4.223168e+03 4.382500e-09 7.999921e+03 4.382500e-09 1.338090e+03 
4.482500e-09 4.223168e+03 4.482500e-09 7.999921e+03 4.482500e-09 1.338090e+03 
4.582500e-09 4.223168e+03 4.582500e-09 7.999921e+03 4.582500e-09 1.338090e+03 
4.682500e-09 4.223168e+03 4.682500e-09 7.999921e+03 4.682500e-09 1.338090e+03 
4.782500e-09 4.223168e+03 4.782500e-09 7.999921e+03 4.782500e-09 1.338090e+03 
4.882500e-09 4.223168e+03 4.882500e-09 7.999921e+03 4.882500e-09 1.338090e+03 
4.982500e-09 4.223168e+03 4.982500e-09 7.999921e+03 4.982500e-09 1.338090e+03 
5.082500e-09 4.223168e+03 5.082500e-09 7.999921e+03 5.082500e-09 1.308244e+03 
5.182500e-09 4.223168e+03 5.182500e-09 7.999921e+03 5.182500e-09 1.253237e+03 
5.282500e-09 4.223168e+03 5.282500e-09 7.999921e+03 5.282500e-09 1.206986e+03 
5.382500e-09 4.223168e+03 5.382500e-09 7.999921e+03 5.382500e-09 1.168311e+03 
5.482500e-09 4.223168e+03 5.482500e-09 7.999921e+03 5.482500e-09 1.136125e+03 
5.582500e-09 4.223168e+03 5.582500e-09 7.999921e+03 5.582500e-09 1.109451e+03 
5.682500e-09 4.223168e+03 5.682500e-09 7.999921e+03 5.682500e-09 1.087423e+03 
5.782500e-09 4.223168e+03 5.782500e-09 7.999921e+03 5.782500e-09 1.069287e+03 
5.882500e-09 4.223168e+03 5.882500e-09 7.999921e+03 5.882500e-09 1.054393e+03 
5.895000e-09 4.223168e+03 5.895000e-09 7.999921e+03 5.895000e-09 1.052755e+03 
5.920000e-09 4.223168e+03 5.920000e-09 7.999921e+03 5.920000e-09 1.049560e+03 
5.970000e-09 4.223168e+03 5.970000e-09 7.999921e+03 5.970000e-09 1.043626e+03 
6.070000e-09 4.223168e+03 6.070000e-09 7.999921e+03 6.070000e-09 1.033378e+03 
6.170000e-09 4.223168e+03 6.170000e-09 7.999921e+03 6.170000e-09 1.025006e+03 
6.270000e-09 4.223168e+03 6.270000e-09 7.999921e+03 6.270000e-09 1.018174e+03 
6.370000e-09 4.223168e+03 6.370000e-09 7.999921e+03 6.370000e-09 1.012605e+03 
6.470000e-09 4.223168e+03 6.470000e-09 7.999921e+03 6.470000e-09 1.008069e+03 
6.570000e-09 4.223168e+03 6.570000e-09 7.999921e+03 6.570000e-09 1.004378e+03 
6.670000e-09 4.223168e+03 6.670000e-09 7.999921e+03 6.670000e-09 1.001375e+03 
6.682500e-09 4.223168e+03 6.682500e-09 7.999921e+03 6.682500e-09 1.001046e+03 
6.685625e-09 4.223168e+03 6.685625e-09 7.999921e+03 6.685625e-09 1.000965e+03 
6.691875e-09 4.223168e+03 6.691875e-09 7.999921e+03 6.691875e-09 1.000803e+03 
6.704375e-09 4.223168e+03 6.704375e-09 7.999921e+03 6.704375e-09 1.000485e+03 
6.707500e-09 4.223168e+03 6.707500e-09 7.999921e+03 6.707500e-09 1.000407e+03 
6.713750e-09 4.223168e+03 6.713750e-09 7.999921e+03 6.713750e-09 1.000252e+03 
6.715313e-09 4.223168e+03 6.715313e-09 7.999921e+03 6.715313e-09 1.000214e+03 
6.718438e-09 4.223168e+03 6.718438e-09 7.999921e+03 6.718438e-09 1.000137e+03 
6.719219e-09 4.223168e+03 6.719219e-09 7.999921e+03 6.719219e-09 1.000118e+03 
6.720781e-09 4.223168e+03 6.720781e-09 7.999921e+03 6.720781e-09 1.000080e+03 
6.723906e-09 4.223168e+03 6.723906e-09 7.999921e+03 6.723906e-09 1.000005e+03 
6.730156e-09 4.223168e+03 6.730156e-09 7.999921e+03 6.730156e-09 9.999294e+02 
6.742656e-09 4.223168e+03 6.742656e-09 7.999921e+03 6.742656e-09 9.999294e+02 
6.767656e-09 4.223168e+03 6.767656e-09 7.999921e+03 6.767656e-09 9.999294e+02 
6.817656e-09 4.223168e+03 6.817656e-09 7.999921e+03 6.817656e-09 9.999294e+02 
6.917656e-09 4.223168e+03 6.917656e-09 7.999921e+03 6.917656e-09 9.999294e+02 
7.017656e-09 4.223168e+03 7.017656e-09 7.999921e+03 7.017656e-09 9.999294e+02 
7.117656e-09 4.223168e+03 7.117656e-09 7.999921e+03 7.117656e-09 9.999294e+02 
7.217656e-09 4.223168e+03 7.217656e-09 7.999921e+03 7.217656e-09 9.999294e+02 
7.317656e-09 4.223168e+03 7.317656e-09 7.999921e+03 7.317656e-09 9.999294e+02 
7.417656e-09 4.223168e+03 7.417656e-09 7.999921e+03 7.417656e-09 9.999294e+02 
7.517656e-09 4.223168e+03 7.517656e-09 7.999921e+03 7.517656e-09 9.999294e+02 
7.617656e-09 4.223168e+03 7.617656e-09 7.999921e+03 7.617656e-09 9.999294e+02 
7.717656e-09 4.223168e+03 7.717656e-09 7.999921e+03 7.717656e-09 9.999294e+02 
7.817656e-09 4.223168e+03 7.817656e-09 7.999921e+03 7.817656e-09 9.999294e+02 
7.917656e-09 4.223168e+03 7.917656e-09 7.999921e+03 7.917656e-09 9.999294e+02 
8.017656e-09 4.223168e+03 8.017656e-09 7.999921e+03 8.017656e-09 9.999294e+02 
8.117656e-09 4.223168e+03 8.117656e-09 7.999921e+03 8.117656e-09 9.999294e+02 
8.217656e-09 4.223168e+03 8.217656e-09 7.999921e+03 8.217656e-09 9.999294e+02 
8.317656e-09 4.223168e+03 8.317656e-09 7.999921e+03 8.317656e-09 9.999294e+02 
8.417656e-09 4.223168e+03 8.417656e-09 7.999921e+03 8.417656e-09 9.999294e+02 
8.517656e-09 4.223168e+03 8.517656e-09 7.999921e+03 8.517656e-09 9.999294e+02 
8.617656e-09 4.223168e+03 8.617656e-09 7.999921e+03 8.617656e-09 9.999294e+02 
8.717656e-09 4.223168e+03 8.717656e-09 7.999921e+03 8.717656e-09 9.999294e+02 
8.817656e-09 4.223168e+03 8.817656e-09 7.999921e+03 8.817656e-09 9.999294e+02 
8.917656e-09 4.223168e+03 8.917656e-09 7.999921e+03 8.917656e-09 9.999294e+02 
9.017656e-09 4.223168e+03 9.017656e-09 7.999921e+03 9.017656e-09 9.999294e+02 
9.117656e-09 4.223168e+03 9.117656e-09 7.999921e+03 9.117656e-09 9.999294e+02 
9.217656e-09 4.223168e+03 9.217656e-09 7.999921e+03 9.217656e-09 9.999294e+02 
9.317656e-09 4.223168e+03 9.317656e-09 7.999921e+03 9.317656e-09 9.999294e+02 
9.417656e-09 4.223168e+03 9.417656e-09 7.999921e+03 9.417656e-09 9.999294e+02 
9.517656e-09 4.223168e+03 9.517656e-09 7.999921e+03 9.517656e-09 9.999294e+02 
9.617656e-09 4.223168e+03 9.617656e-09 7.999921e+03 9.617656e-09 9.999294e+02 
9.717656e-09 4.223168e+03 9.717656e-09 7.999921e+03 9.717656e-09 9.999294e+02 
9.817656e-09 4.223168e+03 9.817656e-09 7.999921e+03 9.817656e-09 9.999294e+02 
9.917656e-09 4.223168e+03 9.917656e-09 7.999921e+03 9.917656e-09 9.999294e+02 
1.000000e-08 4.223168e+03 1.000000e-08 7.999921e+03 1.000000e-08 9.999294e+02 
