0.000000e+00 0.000000e+00 0.000000e+00 0.000000e+00 0.000000e+00 0.000000e+00 0.000000e+00 0.000000e+00 0.000000e+00 0.000000e+00 0.000000e+00 0.000000e+00 
1.000000e-12 1.000000e+04 1.000000e-12 1.000000e+04 1.000000e-12 1.000000e+04 1.000000e-12 1.000000e+04 1.000000e-12 1.000000e+03 1.000000e-12 1.000000e+03 
2.000000e-12 1.000000e+04 2.000000e-12 1.000000e+04 2.000000e-12 1.000000e+04 2.000000e-12 1.000000e+04 2.000000e-12 1.000000e+03 2.000000e-12 1.000000e+03 
4.000000e-12 1.000000e+04 4.000000e-12 1.000000e+04 4.000000e-12 1.000000e+04 4.000000e-12 1.000000e+04 4.000000e-12 1.000000e+03 4.000000e-12 1.000000e+03 
8.000000e-12 1.000000e+04 8.000000e-12 1.000000e+04 8.000000e-12 1.000000e+04 8.000000e-12 1.000000e+04 8.000000e-12 1.000000e+03 8.000000e-12 1.000000e+03 
1.600000e-11 1.000000e+04 1.600000e-11 1.000000e+04 1.600000e-11 1.000000e+04 1.600000e-11 1.000000e+04 1.600000e-11 1.000000e+03 1.600000e-11 1.000000e+03 
3.200000e-11 1.000000e+04 3.200000e-11 1.000000e+04 3.200000e-11 1.000000e+04 3.200000e-11 1.000000e+04 3.200000e-11 1.000000e+03 3.200000e-11 1.000000e+03 
6.400000e-11 1.000000e+04 6.400000e-11 1.000000e+04 6.400000e-11 1.000000e+04 6.400000e-11 1.000000e+04 6.400000e-11 1.000000e+03 6.400000e-11 1.000000e+03 
1.280000e-10 1.000000e+04 1.280000e-10 1.000000e+04 1.280000e-10 1.000000e+04 1.280000e-10 1.000000e+04 1.280000e-10 1.000000e+03 1.280000e-10 1.000000e+03 
2.560000e-10 1.000000e+04 2.560000e-10 1.000000e+04 2.560000e-10 1.000000e+04 2.560000e-10 1.000000e+04 2.560000e-10 1.000000e+03 2.560000e-10 1.000000e+03 
4.560000e-10 1.000000e+04 4.560000e-10 1.000000e+04 4.560000e-10 1.000000e+04 4.560000e-10 1.000000e+04 4.560000e-10 1.000000e+03 4.560000e-10 1.000000e+03 
6.560000e-10 1.000000e+04 6.560000e-10 1.000000e+04 6.560000e-10 1.000000e+04 6.560000e-10 1.000000e+04 6.560000e-10 1.000000e+03 6.560000e-10 1.000000e+03 
8.560000e-10 1.000000e+04 8.560000e-10 1.000000e+04 8.560000e-10 1.000000e+04 8.560000e-10 1.000000e+04 8.560000e-10 1.000000e+03 8.560000e-10 1.000000e+03 
1.000000e-09 1.000000e+04 1.000000e-09 1.000000e+04 1.000000e-09 1.000000e+04 1.000000e-09 1.000000e+04 1.000000e-09 1.000000e+03 1.000000e-09 1.000000e+03 
1.020000e-09 1.000000e+04 1.020000e-09 9.988292e+03 1.020000e-09 9.988292e+03 1.020000e-09 9.888959e+03 1.020000e-09 1.000000e+03 1.020000e-09 1.000000e+03 
1.060000e-09 1.000000e+04 1.060000e-09 9.964889e+03 1.060000e-09 9.964889e+03 1.060000e-09 9.668796e+03 1.060000e-09 1.000000e+03 1.060000e-09 1.000000e+03 
1.140000e-09 1.000000e+04 1.140000e-09 9.918159e+03 1.140000e-09 9.918159e+03 1.140000e-09 9.239894e+03 1.140000e-09 1.000000e+03 1.140000e-09 1.000000e+03 
1.300000e-09 1.000000e+04 1.300000e-09 9.825007e+03 1.300000e-09 9.825007e+03 1.300000e-09 8.427763e+03 1.300000e-09 1.000000e+03 1.300000e-09 1.000000e+03 
1.500000e-09 1.000000e+04 1.500000e-09 9.709154e+03 1.500000e-09 9.709154e+03 1.500000e-09 7.496585e+03 1.500000e-09 1.000000e+03 1.500000e-09 1.000000e+03 
1.700000e-09 1.000000e+04 1.700000e-09 9.593960e+03 1.700000e-09 9.593960e+03 1.700000e-09 6.655175e+03 1.700000e-09 1.000000e+03 1.700000e-09 1.000000e+03 
1.900000e-09 1.000000e+04 1.900000e-09 9.479437e+03 1.900000e-09 9.479437e+03 1.900000e-09 5.899247e+03 1.900000e-09 1.000000e+03 1.900000e-09 1.000000e+03 
2.100000e-09 1.000000e+04 2.100000e-09 9.365596e+03 2.100000e-09 9.365596e+03 2.100000e-09 5.223903e+03 2.100000e-09 1.000000e+03 2.100000e-09 1.000000e+03 
2.300000e-09 1.000000e+04 2.300000e-09 9.252449e+03 2.300000e-09 9.252449e+03 2.300000e-09 4.623837e+03 2.300000e-09 1.000000e+03 2.300000e-09 1.000000e+03 
2.500000e-09 1.000000e+04 2.500000e-09 9.140005e+03 2.500000e-09 9.140005e+03 2.500000e-09 4.093556e+03 2.500000e-09 1.000000e+03 2.500000e-09 1.000000e+03 
2.700000e-09 1.000000e+04 2.700000e-09 9.028278e+03 2.700000e-09 9.028278e+03 2.700000e-09 3.627565e+03 2.700000e-09 1.000000e+03 2.700000e-09 1.000000e+03 
2.725000e-09 1.000000e+04 2.725000e-09 9.014369e+03 2.725000e-09 9.014369e+03 2.725000e-09 3.574068e+03 2.725000e-09 1.000000e+03 2.725000e-09 1.000000e+03 
2.775000e-09 1.000000e+04 2.775000e-09 8.986573e+03 2.775000e-09 8.986573e+03 2.775000e-09 3.468856e+03 2.775000e-09 1.000000e+03 2.775000e-09 1.000000e+03 
2.875000e-09 1.000000e+04 2.875000e-09 8.931118e+03 2.875000e-09 8.931118e+03 2.875000e-09 3.268983e+03 2.875000e-09 1.000000e+03 2.875000e-09 1.000000e+03 
2.900000e-09 1.000000e+04 2.900000e-09 8.917289e+03 2.900000e-09 8.917289e+03 2.900000e-09 3.221597e+03 2.900000e-09 1.000000e+03 2.900000e-09 1.000000e+03 
2.950000e-09 1.000000e+04 2.950000e-09 8.889654e+03 2.950000e-09 8.889654e+03 2.950000e-09 3.128486e+03 2.950000e-09 1.000000e+03 2.950000e-09 1.000000e+03 
2.962500e-09 1.000000e+04 2.962500e-09 8.882754e+03 2.962500e-09 8.882754e+03 2.962500e-09 3.105827e+03 2.962500e-09 1.000000e+03 2.962500e-09 1.000000e+03 
2.987500e-09 1.000000e+04 2.987500e-09 8.868959e+03 2.987500e-09 8.868959e+03 2.987500e-09 3.060913e+03 2.987500e-09 1.000000e+03 2.987500e-09 1.000000e+03 
3.037500e-09 1.000000e+04 3.037500e-09 8.841406e+03 3.037500e-09 8.841406e+03 3.037500e-09 2.973490e+03 3.037500e-09 1.000000e+03 3.037500e-09 1.000000e+03 
3.137500e-09 1.000000e+04 3.137500e-09 8.786439e+03 3.137500e-09 8.786439e+03 3.137500e-09 2.807981e+03 3.137500e-09 1.000000e+03 3.137500e-09 1.000000e+03 
3.337500e-09 1.000000e+04 3.337500e-09 8.677072e+03 3.337500e-09 8.677072e+03 3.337500e-09 2.512160e+03 3.337500e-09 1.000000e+03 3.337500e-09 1.000000e+03 
3.362500e-09 1.000000e+04 3.362500e-09 8.663461e+03 3.362500e-09 8.663461e+03 3.362500e-09 2.478710e+03 3.362500e-09 1.000000e+03 3.362500e-09 1.000000e+03 
3.412500e-09 1.000000e+04 3.412500e-09 8.636263e+03 3.412500e-09 8.636263e+03 3.412500e-09 2.413134e+03 3.412500e-09 1.000000e+03 3.412500e-09 1.000000e+03 
3.512500e-09 1.000000e+04 3.512500e-09 8.582010e+03 3.512500e-09 8.582010e+03 3.512500e-09 2.289719e+03 3.512500e-09 1.000000e+03 3.512500e-09 1.000000e+03 
3.537500e-09 1.000000e+04 3.537500e-09 8.568483e+03 3.537500e-09 8.568483e+03 3.537500e-09 2.260745e+03 3.537500e-09 1.000000e+03 3.537500e-09 1.000000e+03 
3.587500e-09 1.000000e+04 3.587500e-09 8.541454e+03 3.587500e-09 8.541454e+03 3.587500e-09 2.204001e+03 3.587500e-09 1.000000e+03 3.587500e-09 1.000000e+03 
3.687500e-09 1.000000e+04 3.687500e-09 8.487543e+03 3.687500e-09 8.487543e+03 3.687500e-09 2.097540e+03 3.687500e-09 1.000000e+03 3.687500e-09 1.000000e+03 
3.887500e-09 1.000000e+04 3.887500e-09 8.380313e+03 3.887500e-09 8.380313e+03 3.887500e-09 1.911094e+03 3.887500e-09 1.000000e+03 3.887500e-09 1.000000e+03 
4.087500e-09 1.000000e+04 4.087500e-09 8.273884e+03 4.087500e-09 8.273884e+03 4.087500e-09 1.757472e+03 4.087500e-09 1.000000e+03 4.087500e-09 1.000000e+03 
4.287500e-09 1.000000e+04 4.287500e-09 8.168268e+03 4.287500e-09 8.168268e+03 4.287500e-09 1.633135e+03 4.287500e-09 1.000000e+03 4.287500e-09 1.000000e+03 
4.487500e-09 1.000000e+04 4.487500e-09 8.063478e+03 4.487500e-09 8.063478e+03 4.487500e-09 1.534167e+03 4.487500e-09 1.000000e+03 4.487500e-09 1.000000e+03 
4.687500e-09 1.000000e+04 4.687500e-09 7.959527e+03 4.687500e-09 7.959527e+03 4.687500e-09 1.456555e+03 4.687500e-09 1.000000e+03 4.687500e-09 1.000000e+03 
4.887500e-09 1.000000e+04 4.887500e-09 7.856428e+03 4.887500e-09 7.856428e+03 4.887500e-09 1.396461e+03 4.887500e-09 1.000000e+03 4.887500e-09 1.000000e+03 
4.912500e-09 1.000000e+04 4.912500e-09 7.843608e+03 4.912500e-09 7.843608e+03 4.912500e-09 1.390139e+03 4.912500e-09 1.000000e+03 4.912500e-09 1.000000e+03 
4.962500e-09 1.000000e+04 4.962500e-09 7.817995e+03 4.962500e-09 7.817995e+03 4.962500e-09 1.377907e+03 4.962500e-09 1.000000e+03 4.962500e-09 1.000000e+03 
4.975000e-09 1.000000e+04 4.975000e-09 7.811602e+03 4.975000e-09 7.811602e+03 4.975000e-09 1.375000e+03 4.975000e-09 1.000000e+03 4.975000e-09 1.000000e+03 
5.000000e-09 1.000000e+04 5.000000e-09 7.798823e+03 5.000000e-09 7.798823e+03 5.000000e-09 1.369284e+03 5.000000e-09 1.000000e+03 5.000000e-09 1.000000e+03 
5.050000e-09 1.000000e+04 5.050000e-09 7.773305e+03 5.050000e-09 7.773305e+03 5.050000e-09 1.358412e+03 5.050000e-09 1.000000e+03 5.050000e-09 1.000000e+03 
5.150000e-09 1.000000e+04 5.150000e-09 7.722434e+03 5.150000e-09 7.722434e+03 5.150000e-09 1.338758e+03 5.150000e-09 1.000000e+03 5.150000e-09 1.000000e+03 
5.350000e-09 1.000000e+04 5.350000e-09 7.621357e+03 5.350000e-09 7.621357e+03 5.350000e-09 1.306643e+03 5.350000e-09 1.000000e+03 5.350000e-09 1.000000e+03 
5.550000e-09 1.000000e+04 5.550000e-09 7.521177e+03 5.550000e-09 7.521177e+03 5.550000e-09 1.282464e+03 5.550000e-09 1.000000e+03 5.550000e-09 1.000000e+03 
5.750000e-09 1.000000e+04 5.750000e-09 7.421907e+03 5.750000e-09 7.421907e+03 5.750000e-09 1.264349e+03 5.750000e-09 1.000000e+03 5.750000e-09 1.000000e+03 
5.950000e-09 1.000000e+04 5.950000e-09 7.323560e+03 5.950000e-09 7.323560e+03 5.950000e-09 1.250830e+03 5.950000e-09 1.000000e+03 5.950000e-09 1.000000e+03 
5.975000e-09 1.000000e+04 5.975000e-09 7.311340e+03 5.975000e-09 7.311340e+03 5.975000e-09 1.249439e+03 5.975000e-09 1.000000e+03 5.975000e-09 1.000000e+03 
6.025000e-09 1.000000e+04 6.025000e-09 7.286928e+03 6.025000e-09 7.286928e+03 6.025000e-09 1.246754e+03 6.025000e-09 1.000000e+03 6.025000e-09 1.000000e+03 
6.125000e-09 1.000000e+04 6.125000e-09 7.238282e+03 6.125000e-09 7.238282e+03 6.125000e-09 1.241938e+03 6.125000e-09 1.000000e+03 6.125000e-09 1.000000e+03 
6.325000e-09 1.000000e+04 6.325000e-09 7.141704e+03 6.325000e-09 7.141704e+03 6.325000e-09 1.234167e+03 6.325000e-09 1.000000e+03 6.325000e-09 1.000000e+03 
6.525000e-09 1.000000e+04 6.525000e-09 7.046090e+03 6.525000e-09 7.046090e+03 6.525000e-09 1.228406e+03 6.525000e-09 1.000000e+03 6.525000e-09 1.000000e+03 
6.725000e-09 1.000000e+04 6.725000e-09 6.951452e+03 6.725000e-09 6.951452e+03 6.725000e-09 1.224140e+03 6.725000e-09 1.000000e+03 6.725000e-09 1.000000e+03 
6.925000e-09 1.000000e+04 6.925000e-09 6.857805e+03 6.925000e-09 6.857805e+03 6.925000e-09 1.220985e+03 6.925000e-09 1.000000e+03 6.925000e-09 1.000000e+03 
7.125000e-09 1.000000e+04 7.125000e-09 6.811231e+03 7.125000e-09 6.811231e+03 7.125000e-09 1.219643e+03 7.125000e-09 1.000000e+03 7.125000e-09 1.000000e+03 
7.325000e-09 1.000000e+04 7.325000e-09 6.811231e+03 7.325000e-09 6.811231e+03 7.325000e-09 1.219643e+03 7.325000e-09 1.000000e+03 7.325000e-09 1.000000e+03 
7.525000e-09 1.000000e+04 7.525000e-09 6.811231e+03 7.525000e-09 6.811231e+03 7.525000e-09 1.219643e+03 7.525000e-09 1.000000e+03 7.525000e-09 1.000000e+03 
7.725000e-09 1.000000e+04 7.725000e-09 6.811231e+03 7.725000e-09 6.811231e+03 7.725000e-09 1.219643e+03 7.725000e-09 1.000000e+03 7.725000e-09 1.000000e+03 
7.925000e-09 1.000000e+04 7.925000e-09 6.811231e+03 7.925000e-09 6.811231e+03 7.925000e-09 1.219643e+03 7.925000e-09 1.000000e+03 7.925000e-09 1.000000e+03 
8.125000e-09 1.000000e+04 8.125000e-09 6.811231e+03 8.125000e-09 6.811231e+03 8.125000e-09 1.219643e+03 8.125000e-09 1.000000e+03 8.125000e-09 1.000000e+03 
8.325000e-09 1.000000e+04 8.325000e-09 6.811231e+03 8.325000e-09 6.811231e+03 8.325000e-09 1.219643e+03 8.325000e-09 1.000000e+03 8.325000e-09 1.000000e+03 
8.525000e-09 1.000000e+04 8.525000e-09 6.811231e+03 8.525000e-09 6.811231e+03 8.525000e-09 1.219643e+03 8.525000e-09 1.000000e+03 8.525000e-09 1.000000e+03 
8.725000e-09 1.000000e+04 8.725000e-09 6.811231e+03 8.725000e-09 6.811231e+03 8.725000e-09 1.219643e+03 8.725000e-09 1.000000e+03 8.725000e-09 1.000000e+03 
8.925000e-09 1.000000e+04 8.925000e-09 6.811231e+03 8.925000e-09 6.811231e+03 8.925000e-09 1.219643e+03 8.925000e-09 1.000000e+03 8.925000e-09 1.000000e+03 
9.125000e-09 1.000000e+04 9.125000e-09 6.811231e+03 9.125000e-09 6.811231e+03 9.125000e-09 1.219643e+03 9.125000e-09 1.000000e+03 9.125000e-09 1.000000e+03 
9.325000e-09 1.000000e+04 9.325000e-09 6.811231e+03 9.325000e-09 6.811231e+03 9.325000e-09 1.219643e+03 9.325000e-09 1.000000e+03 9.325000e-09 1.000000e+03 
9.525000e-09 1.000000e+04 9.525000e-09 6.811231e+03 9.525000e-09 6.811231e+03 9.525000e-09 1.219643e+03 9.525000e-09 1.000000e+03 9.525000e-09 1.000000e+03 
9.725000e-09 1.000000e+04 9.725000e-09 6.811231e+03 9.725000e-09 6.811231e+03 9.725000e-09 1.219643e+03 9.725000e-09 1.000000e+03 9.725000e-09 1.000000e+03 
9.925000e-09 1.000000e+04 9.925000e-09 6.811231e+03 9.925000e-09 6.811231e+03 9.925000e-09 1.219643e+03 9.925000e-09 1.000000e+03 9.925000e-09 1.000000e+03 
1.000000e-08 1.000000e+04 1.000000e-08 6.811231e+03 1.000000e-08 6.811231e+03 1.000000e-08 1.219643e+03 1.000000e-08 1.000000e+03 1.000000e-08 1.000000e+03 
