0.000000e+00 0.000000e+00 0.000000e+00 0.000000e+00 
1.000000e-12 1.000000e+04 1.000000e-12 1.000000e+04 
2.000000e-12 1.000000e+04 2.000000e-12 1.000000e+04 
4.000000e-12 1.000000e+04 4.000000e-12 1.000000e+04 
8.000000e-12 1.000000e+04 8.000000e-12 1.000000e+04 
1.600000e-11 1.000000e+04 1.600000e-11 1.000000e+04 
3.200000e-11 1.000000e+04 3.200000e-11 1.000000e+04 
6.400000e-11 1.000000e+04 6.400000e-11 1.000000e+04 
1.000000e-10 1.000000e+04 1.000000e-10 1.000000e+04 
1.064000e-10 1.000000e+04 1.064000e-10 1.000000e+04 
1.192000e-10 1.000000e+04 1.192000e-10 1.000000e+04 
1.448000e-10 1.000000e+04 1.448000e-10 1.000000e+04 
1.960000e-10 1.000000e+04 1.960000e-10 1.000000e+04 
2.960000e-10 1.000000e+04 2.960000e-10 1.000000e+04 
3.960000e-10 1.000000e+04 3.960000e-10 1.000000e+04 
4.960000e-10 1.000000e+04 4.960000e-10 1.000000e+04 
5.960000e-10 1.000000e+04 5.960000e-10 1.000000e+04 
6.960000e-10 1.000000e+04 6.960000e-10 1.000000e+04 
7.960000e-10 1.000000e+04 7.960000e-10 1.000000e+04 
8.960000e-10 1.000000e+04 8.960000e-10 1.000000e+04 
9.960000e-10 1.000000e+04 9.960000e-10 1.000000e+04 
1.000000e-09 1.000000e+04 1.000000e-09 1.000000e+04 
1.008000e-09 9.947831e+03 1.008000e-09 9.939831e+03 
1.024000e-09 9.843957e+03 1.024000e-09 9.819957e+03 
1.056000e-09 9.638991e+03 1.056000e-09 9.582991e+03 
1.120000e-09 9.240193e+03 1.120000e-09 9.120193e+03 
1.220000e-09 8.647578e+03 1.220000e-09 8.427578e+03 
1.320000e-09 8.092691e+03 1.320000e-09 7.772691e+03 
1.420000e-09 7.575521e+03 1.420000e-09 7.155521e+03 
1.520000e-09 7.096118e+03 1.520000e-09 6.576118e+03 
1.620000e-09 6.654311e+03 1.620000e-09 6.034311e+03 
1.720000e-09 6.249699e+03 1.720000e-09 5.529699e+03 
1.820000e-09 5.881662e+03 1.820000e-09 5.061662e+03 
1.920000e-09 5.549360e+03 1.920000e-09 4.629360e+03 
2.020000e-09 5.251756e+03 2.020000e-09 4.231756e+03 
2.120000e-09 4.987637e+03 2.120000e-09 3.867637e+03 
2.220000e-09 4.755636e+03 2.220000e-09 3.535636e+03 
2.320000e-09 4.554261e+03 2.320000e-09 3.234261e+03 
2.420000e-09 4.381925e+03 2.420000e-09 2.961925e+03 
2.520000e-09 4.236966e+03 2.520000e-09 2.716966e+03 
2.620000e-09 4.117677e+03 2.620000e-09 2.497677e+03 
2.720000e-09 4.022318e+03 2.720000e-09 2.302318e+03 
2.820000e-09 3.949139e+03 2.820000e-09 2.129139e+03 
2.920000e-09 3.896389e+03 2.920000e-09 1.976389e+03 
3.020000e-09 3.862337e+03 3.020000e-09 1.842337e+03 
3.120000e-09 3.845277e+03 3.120000e-09 1.725277e+03 
3.220000e-09 3.840784e+03 3.220000e-09 1.623574e+03 
3.320000e-09 3.840784e+03 3.320000e-09 1.535722e+03 
3.420000e-09 3.840784e+03 3.420000e-09 1.460328e+03 
3.520000e-09 3.840784e+03 3.520000e-09 1.396043e+03 
3.620000e-09 3.840784e+03 3.620000e-09 1.341551e+03 
3.720000e-09 3.840784e+03 3.720000e-09 1.295601e+03 
3.820000e-09 3.840784e+03 3.820000e-09 1.257032e+03 
3.920000e-09 3.840784e+03 3.920000e-09 1.224789e+03 
4.020000e-09 3.840784e+03 4.020000e-09 1.210123e+03 
4.120000e-09 3.840784e+03 4.120000e-09 1.210123e+03 
4.220000e-09 3.840784e+03 4.220000e-09 1.210123e+03 
4.320000e-09 3.840784e+03 4.320000e-09 1.210123e+03 
4.420000e-09 3.840784e+03 4.420000e-09 1.210123e+03 
4.520000e-09 3.840784e+03 4.520000e-09 1.210123e+03 
4.620000e-09 3.840784e+03 4.620000e-09 1.210123e+03 
4.720000e-09 3.840784e+03 4.720000e-09 1.210123e+03 
4.820000e-09 3.840784e+03 4.820000e-09 1.210123e+03 
4.920000e-09 3.840784e+03 4.920000e-09 1.210123e+03 
5.020000e-09 3.840784e+03 5.020000e-09 1.210123e+03 
5.120000e-09 3.840784e+03 5.120000e-09 1.210123e+03 
5.220000e-09 3.840784e+03 5.220000e-09 1.210123e+03 
5.320000e-09 3.840784e+03 5.320000e-09 1.210123e+03 
5.420000e-09 3.840784e+03 5.420000e-09 1.210123e+03 
5.520000e-09 3.840784e+03 5.520000e-09 1.210123e+03 
5.620000e-09 3.840784e+03 5.620000e-09 1.210123e+03 
5.720000e-09 3.840784e+03 5.720000e-09 1.210123e+03 
5.820000e-09 3.840784e+03 5.820000e-09 1.210123e+03 
5.920000e-09 3.840784e+03 5.920000e-09 1.210123e+03 
6.020000e-09 3.840784e+03 6.020000e-09 1.210123e+03 
6.120000e-09 3.840784e+03 6.120000e-09 1.210123e+03 
6.220000e-09 3.840784e+03 6.220000e-09 1.210123e+03 
6.320000e-09 3.840784e+03 6.320000e-09 1.210123e+03 
6.420000e-09 3.840784e+03 6.420000e-09 1.210123e+03 
6.520000e-09 3.840784e+03 6.520000e-09 1.210123e+03 
6.620000e-09 3.840784e+03 6.620000e-09 1.210123e+03 
6.720000e-09 3.840784e+03 6.720000e-09 1.210123e+03 
6.820000e-09 3.840784e+03 6.820000e-09 1.210123e+03 
6.920000e-09 3.840784e+03 6.920000e-09 1.210123e+03 
7.020000e-09 3.840784e+03 7.020000e-09 1.210123e+03 
7.120000e-09 3.840784e+03 7.120000e-09 1.210123e+03 
7.220000e-09 3.840784e+03 7.220000e-09 1.210123e+03 
7.320000e-09 3.840784e+03 7.320000e-09 1.210123e+03 
7.420000e-09 3.840784e+03 7.420000e-09 1.210123e+03 
7.520000e-09 3.840784e+03 7.520000e-09 1.210123e+03 
7.620000e-09 3.840784e+03 7.620000e-09 1.210123e+03 
7.720000e-09 3.840784e+03 7.720000e-09 1.210123e+03 
7.820000e-09 3.840784e+03 7.820000e-09 1.210123e+03 
7.920000e-09 3.840784e+03 7.920000e-09 1.210123e+03 
8.020000e-09 3.840784e+03 8.020000e-09 1.210123e+03 
8.120000e-09 3.840784e+03 8.120000e-09 1.210123e+03 
8.220000e-09 3.840784e+03 8.220000e-09 1.210123e+03 
8.320000e-09 3.840784e+03 8.320000e-09 1.210123e+03 
8.420000e-09 3.840784e+03 8.420000e-09 1.210123e+03 
8.520000e-09 3.840784e+03 8.520000e-09 1.210123e+03 
8.620000e-09 3.840784e+03 8.620000e-09 1.210123e+03 
8.720000e-09 3.840784e+03 8.720000e-09 1.210123e+03 
8.820000e-09 3.840784e+03 8.820000e-09 1.210123e+03 
8.920000e-09 3.840784e+03 8.920000e-09 1.210123e+03 
9.020000e-09 3.840784e+03 9.020000e-09 1.210123e+03 
9.120000e-09 3.840784e+03 9.120000e-09 1.210123e+03 
9.220000e-09 3.840784e+03 9.220000e-09 1.210123e+03 
9.320000e-09 3.840784e+03 9.320000e-09 1.210123e+03 
9.420000e-09 3.840784e+03 9.420000e-09 1.210123e+03 
9.520000e-09 3.840784e+03 9.520000e-09 1.210123e+03 
9.620000e-09 3.840784e+03 9.620000e-09 1.210123e+03 
9.720000e-09 3.840784e+03 9.720000e-09 1.210123e+03 
9.820000e-09 3.840784e+03 9.820000e-09 1.210123e+03 
9.920000e-09 3.840784e+03 9.920000e-09 1.210123e+03 
1.000000e-08 3.840784e+03 1.000000e-08 1.210123e+03 
